-1.6831
1.5754
1.4241
2.2748
-0.0351
-0.8578
-0.4716
-1.0626
0.6647
0.7998
1.4592
2.2208
-0.2197
-0.0363
1.0371
-0.0346
0.1684
-0.6724
0.1678
0.014
0.7722
-1.514
-0.1106
-1.7486
-0.6095
-1.0074
-3.1854
0.3222
0.494
0.5487
-0.0111
0.1542
-0.4609
0.2628
2.029
1.4749
-0.9688
0.0438
1.2058
0.972
0.4642
-0.5074
-0.4889
-0.3715
0.1019
-1.1344
-0.5303
0.4129
1.0916
1.0426
1.8374
1.2157
0.7628
0.427
-1.1079
-0.689
-0.1645
-0.2501
1.945
1.4441
-1.4487
-0.0235
0.2802
-1.0511
-0.0357
0.3129
0.0848
0.4724
0.781
-1.9173
-0.6109
1.7864
0.942
0.3399
1.3654
-0.0887
-0.7301
0.4017
0.6342
0.15
-0.4924
0.6903
-0.0776
-0.059
-0.2808
0.1127
-0.9411
0.5439
1.1796
0.3799
0.6118
0.8361
0.5845
0.4128
-1.1162
0.1097
-0.7132
1.1495
2.1161
-0.2553
-1.2313
-0.6013
-0.8897
-0.7218
0.3062
-0.0822
-1.1934
0.4121
2.419
3.4172
2.6414
0.9281
-0.0271
-0.1218
-0.4118
-0.3812
0.6314
-0.0717
2.0864
-1.736